2011522600199975318
2011522749966041183
2011529677546885552
2011559968529347012
2011568974534967671
2011582581960040613
2011601538792505700
2011624897143861448
2011636925132664980
2011649043219259763
2011666486830551043
2011691194607431907
2011726676221444213
2011810905391317228
2011885817963135373
2011892124644450766
2011901236769878448
2011901297394372740
2011931064344670631
2011953751515390158
2011974674045870214
2012066905306063093
2012073257881436196
2012151678481412283
2012158672235884992
2012179017135263811
2012284829274968559
2012299686455955655
2012325976831615094
2012349129146442011
2012371392902332840
2012415282870976747
2012428330436333955
2012520058132853123
2012520085387354148
2012556285309305279
2012596085357768897
2012601697827217900
2012609093190463994
2012631893070463472
2012639649173483679
2012655253129470253
2012678261562576959
2012717993990533314
2012807137399865491
2012836672639992089
2012858409716998482
2012868797514842596
2012896782238298510
2012896891134976251
2012994226124931485
2013002262503997686
2013050851091210623
2013130605949546504
2013160705726591215
2013170513523204346
2013185766944354586
2013214074813722849
2013239323840098365
2013251746458739096
2013281253290574293
2013291038249464158
2013305040685932946
2013350195547754807
2013371613962482021
2013380358733955247
2013402976019181815
2013402978623906120
2013423951356018783
2013423974571549076
2013508811269562466
2013608946313896110
2013668387256168466
2013668448954425545
2013674023235006600
2013684174956200426
2013714303451365618
2013742798978330679
2013749174161022985
2013803645012230394
2013865267378745492
2013871143761879438
2013871225844470113
2013871287735603485
2013879666550153596
2013895161412014462
2013901167785623747
2013945601189114036
2013985745841651757
2013991789892411781
2014000957831454954
2014127675292422485
2014148951092727923
2014191438376899009
2014233235450978787
2014257719570727028
2014272627335131462
2014301189496512723
2014318523317731464
2014339509756871164
2014444111269658807
2014590010482143564
2014603558608343158
2014609984957628485
2014634605618352439
2014634664506298879
2014754543716773983
2014771125981741497
2014776789512417319
2014791184112079043
2014821322941927728
2014862658240184502
2014914621396693330
2015032667054772290
2015043198914339271
2015133100993294385
2015153364003442727
2015161763122323786
2015183623717106006
2015279545671405948
2015319874332180865
2015327649443283344
2015379953077178864
2015412558933459189
2015412624486211598
2015531022763327569
2015538915097100654
2015561162780553496
2015642092429770782
2015722329863524578
2015727480137761047
2015776164993020326
2015864113927487922
2015871777272914036
2015939846137618649
2015949975147184338
2015991140571385987
2016053387339481512
2016059475300368500
2016075602911252857
2016084747395727789
2016105088016638362
2016119975270838647
2016180632179622287
2016190116796969189
2016196350149603632
2016196418411889040
2016204835129835832
2016220785384255538
2016226915074330723
2016227077872029894
2016270764069040535
2016323180760088776
2016340673423720614
2016371858338414906
2016377677653897437
2016421899559977099
2016447086523466185
2016492907403026910
2016493001632334132
2016543676067971395
2016597513084522878
2016613061780504897
2016633743327301698
2016648705877631442
2016648777713479956
2016648912052887863
2016664677988913347
2016685665027862647
2016685745860456688
2016706266056233311
2016719243489005781
2016737857625321937
2016749365885350235
2016801424378581053
2016801432255520946
2016809991873913028
2016845338598858941
2016845356017791288
2016877470251675904
2016906517828837500
2016915655501676937
2016915713076974070
2016936693249511622
2016936722660048918
2016952658188231100
2016966023413383620
2016989845927973104
2016990006112567797
2016995886921109873
2017005297009852666
2017011294407409996
2017020068417163378
2017038074136404334
2017100739194114217
2017100935512645697
2017147839462404476
2017217855612158010
2017233228999143909
2017247537283957085
2017253769633997054
2017284570521944570
2017298833898619032
2017314850020724854
2017343487339790442
2017352089131700331
2017373483865440591
2017373524646600759
2017430316722565583
2017430320430399506
2017455198696874123
2017455247099138052
2017455372940743091
2017480076904857722
2017503155697934783
2017509117212885015
2017518958824591498
2017548675971428586
2017594967766843783
2017629796474192080
2017645545649803325
2017705173980762272
2017713670713971054
2017713724656906518
2017720321785344510
2017744186603446769
2017751986712485897
2017765323018293403
2017820912515518673
2017821017226248606
2017859234499596577
2017866294003937404
2017881457855791244
2017887194329878548
2017887204299735397
2017925070040264789
2017925159873823073
2017931952679219578
2017950372594167973
2017992432558735504
2018016402301452367
2018016477215883362
2018092100466954374
2018098138960089221
2018157177169412113
2018157209205579812
2018157297155908022
2018172152512491797
2018201413978145264
2018214674391605421
2018223239550419053
2018235513766105456
2018314713902277072
2018327191927284177
2018327339755577434
2018334838684885478
2018334839100133486
2018355623172124695
2018386500472221991
2018460712851415286
2018488517366600138
2018519220661764172
2018576766974206329
2018591521864290802
2018621720706560467
2018651730515206401
2018657463721935084
2018683926697373713
2018719997858599213
2018765892751110377
2018787769380667481
2018817396052504885
2018817449362133116
2018817458010820951
2018849749995016479
2018860258454650926
2018893871015428106
2018939053690028142
2018959950613987589
2018960154935341507
2018969121405456453
2018984172870877463
2019005812534845613
2019019699330138166
2019066855101473000
2019066985191989743
2019067044331745510
2019067051726286980
2019155996065616089
2019170022996771316
2019213158813188269
2019256749144813797
2019294295463707105
2019294488296927661
2019316622801137919
2019331637138583959
2019331641261584740
2019346743607890181
2019361608862966065
2019382472979673452
2019402502484201823
2019402735477747722
2019414773402624031
2019414924934500720
2019429334788833541
2019482693012983902
2019490002195841292
2019502936720625672
2019532653649608861
2019547913936884150
2019574762616303786
2019642990596329637
2019648938530226646
2019701350787858510
2019715707999543339
2019723951463616899
2019744747405885576
2019754482687459552
2019754550547140880
2019784181136359820
2019829839113421052
2019836572317729043
2019844999878430886
2019852379399786831
2019852564146319451
2019865112102965744
2019889425740886194
2019926416284938491
2019937000242225370
2019937110976053593
2020026022935073015
2020026101641207868
2020045954628350441
2020091096617853322
2020099335233339424
2020116838902907024
2020137027476549821
2020145827549732980
2020145913734336771
2020190898886238504
2020207088795083201
2020226830561616057
2020242618538688803
2020289788461334871
2020303586383561050
2020341095121506560
2020358048775041188
2020358140223463803
2020381071448199546
2020388530287972801
2020396117653889531
2020418302472757249
2020438412780503375
2020487132259967049
2020499742946390162
2020508365282226540
2020508453614313790
2020514245323210839
2020522916996374681
2020522999695474782
2020529137731899458
2020538804906480065
2020559583283200228
2020589143181361317
2020598889863422235
2020629109542445345
2020629169692950778
2020644324967374983
2020644374472757384
2020644455980638533
2020663050261471558
2020694007597367400
2020709049382138309
2020721793338679362
2020721859185070433
2020721936590852523
2020732127625531748
2020732198597329406
2020796850144436598
2020819148931010862
2020832844256514533
2020852589512786180
2020860179382685704
2020860190606721418
2020860252866908541
2020860320214921255
2020880034391588913
2020910623606047182
2020910678870241624
2020917197896306779
2020949671879856238
2020977123381440517
2020999043996848497
2021014647449768254
2021045611458675106
2021094493093867729
2021166695335985215
2021204552528343165
2021223709185392704
2021223765217075343
2021235037639999515
2021243989819846796
2021258134724149323
2021273529715675484
2021339707469332789
2021339723189583988
2021354769751638449
2021377104659804605
2021419000937300051
2021451794900025801
2021463215612530893
2021476163927888317
2021476178616328481
2021557698475471151
2021597105144406217
2021620539908059628
2021620633126531141
2021627393409171546
2021627479606296984
2021627548195860913
2021649923033190548
2021657321877676495
2021687009950011624
2021693622534738141
2021701579351474613
2021701635496448072
2021701751179473392
2021722772448120887
2021722776822833202
2021759394828922930
2021818822588870838
2021838516926263543
2021875831811776639
2021905894116929846
2021919571142488348
2021919779641315786
2021939626848743924
2022004849143943637
2022540972324724740
2022547742325715147
2022562676505972802
2022598863769551290
2022622316971114876
2022628070004293927
2022636170887213117
2022636346863415669
2022636508990054497
2022653531233341764
2022661365228306898
2022697254771884306
2022718945703399740
2022733553931559417
2022733591923560912
2022763565111747064
2022763633613177334
2022778886422171739
2022793588434755930
2022825395209289995
2022868596473630793
2022905291843735849
2022905339084181983
2022917778894975002
2022925473462853683
2022932820339867752
2022939728329486376
2022945275556372918
2022998961716449787
2023005420453814275
2023005505090678863
2023030964138741820
2023045022632014045
2023075513699348572
2023096079261315135
2023096159812853847
2023106023025000924
2023106166310723661
2023150099459895410
2023156186879521253
2023165569583702416
2023180438723051576
2023415480732586092
2023438454743343271
2023528392977519019
2023651078588301408
2023680730837196823
2023751201213628806
2023852235633860995
2023861413014299072
2023955215809212423
2024072682388750494
2024214957504483689
2024449850868109483
2024483407791870430
2024483545117503834
2024495635240481115
2024495693172195635
2024570517370425587
2024576317870789046
2024591827446485023
2024592266426536030
2024616100135346206
2024797533772407288
2024827901846208551
2024968065918586990
2025021100569309313
2025040758500458520
2025040758529819063
2025040834874445958
2025041187737047123
2025072454750892458
2025072653808365671
2025072707428376741
2025084539119566958
2025084796972794122
2025119427692228654
2025129085156942281
2025149605571112968
2025164624966889910
2025164809105187084
2025210163137798183
2025225029143908782
2025240298289270823
2025405351554933167
2025428921726980200
2025447063383863666
2025453745987862779
2025476455216382315
2025491993464287438
2025492228676694234
2025521363419529654
2025542048347041814
2025612776891445586
2025626608992661724
2025870441446035478
2025884796933615748
2025925753884541192
2025932670015070238
2026015206304788954
2026202048564252878
2026254504199401979
2026288392217284994
2026295697377481130
2026383317134921882
2026675337711726901
2026691134378873302
2026691143220560300
2026706420813500516
2026713707103846840
2026743015100887317
2026748599111938256
2026753217950847247
2026783527568605635
2026787689694114287
2027722123746414928
2027722160295555073
2027722192130347101
2027722242860453923
2027722274955219015
2028084558378266987
2028084582608740572
2028084621171204505
2028089976001593661
2028090169388319141
2028447865652084860
2028447909755162836
2028447970681627030
2028453789699633418
2028453828522029377
2028814945257689197
2028824819085484159
2028837514073551314
2028844828688302433
2028852986802270527
2029178274031780218
2029207061913804944
2029214374880068032
2029218918578176128
2029237634581541345
2029445239836905581
2029486409237557689
2029486412727210287
2029550079003042030
2029569731368563198
2029569736552649026
2029569741208289736
2029569745587224638
2029569750922338419
2029569754911191403
2029569759126450298
2029569764105064658
2029577784516112779
2029585084378943683
2029624791955579060
2029633156115288467
2029633160749994375
2029633164755489017
2029633169557967292
2029763089088786844
2029763093023109277
2029763096370184194
2029763099591332065
2029763102682550381
2029763106092499379
2029763109368308112
2029763112451055795
2029763115705926133
2029763118860005469
2029811263002284123
2029940339541148031
2029999760237543562
2029999764436111627
2029999768345137202
2029999772103299149
2029999775639023814
2030052041347780744
2030052044736704841
2030052048327032861
2030052051627962592
2030052055193194859
2030052059072905379
2030052062390616206
2030052065548911028
2030052068816208255
2030123422303326404
2030123426069852498
2030123429764960716
2030123433544020349
2030123437293793551
2030123441701953966
2030123445351067685
2030134270182969731
2030134275430068265
2030142519325954427
2030164609668112754
2030164613350773184
2030164616735576558
2030173746393215009
2030173749622784078
2030488011813626229
2030488015613628622
2030500088057937960
2030500091576873009
2030500094949122465
2030500099499884978
2030508892665389071
2030527947053130231
2030527952740548687
2030527956486070529
2030539812424540362
2030539816979591585
2030621474026123734
2030863553389834294
2030873572034678943
2030896269816959109
2030896274887909430
2030896279417708656
2030904068097617920
2030904072560427241
2030989391565369373
2031260994635452707
2031260998469067197
2031268763937505437
2031268767364182471
2031362260401369452
2031631465230835950
2031631468678594914
2031631471962673569
2031631474919637478
2031724728839496106
2031997420561731764
2031997424219131926
2031997427125805365
2031997430007312703
2032093259544101202
2032366141004521753
2032366146083832029
2032366151699931426
2032366155697176659
2032461639228768570
2032732092023353418
2032732095622090801
2032732098641928394
2032732101590606001
2032825755969925504
2033095550464090457
2033095553920242175
2033095557019771157
2033095559980949808
2033188367823782213
2033226905898422741
2033226910168179016
2033226914148577331
2033226917776671058
2033555129320845779
2033591757124800886
2033591761990307966
2033591765601542482
2033591768889872530
2033599106740810045
2033599110259851381
2033606405588996151
2033924671473959249
2033946697190015076
2033954168881484016
2033954173528789068
2033954178075386283
2033954182668120214
2033968753931677912
2033968759333875811
2034316598560108593
2034316602439782821
2034316606487286176
2034338163615781173
2034338167101268355
2034364187716247999
2034364192502026486
2034364197136663011
2034364201427443904
2034364206129328517
2034364210373865821
2034364214194983066
2034364217936236873
2034364221643997476
2034364225888674296
2034685867319509170
2034685871685881911
2034685875477475646
2034700965056540986
2034700968583926146
2034733634507182240
2034733638089154563
2035050916957536375
2035070667528221083
2035070671185723464
2035099340159463839
2035099343854674241
2035103257991729224
2035103261942854009
2035103265759666442
2035103269517750723
2035103274626355571
2035103278728351884
2035103282394276350
2035103286030729546
2035103290099192269
2035103294478074227
2035468048443015432
2035468052331172337
2035468055992782887
2035468059855769669
2035468064289169595
2035830474086461522
2035830477458686213
2035830480726040585
2035830483758555597
2035830486958809348
2036193926013452302
2036193929427624417
2036193933034766768
2036193936746659867
2036193940295028788
2036556698148597922
2036556702330286444
2036556706247831641
2036556709800358313
2036556713424298199
2036662113381372053
2036662116975874396
2036662120943697980
2036662124219359307
2036662128094933198
2036662131312021868
2036662134654828975
2036662137817333962
2036662141009162720
2036662144091955642
2036924921163460887
2036924926376956211
2036924932127408612
2036924937315705276
2036924941849747521
2037287967274807756
2037287970600853509
2037287973775901104
2037287977332740333
2037287981220872393
2037334280456528247
2037334283912646979
2037334287435882745
2037334292150243345
2037334296499786233
2037334302342426813
2037334306066997589
2037334309770551330
2037334313394438581
2037334316976365823
2037705271829479679
2037705275415662775
2037705278762733993
2037705282038509724
2037705285553324413
2037705288724193395
2037705292012478914
2037949970100138151
2037949976651632642
2037949980015550545
2038228737565556830
2038228741285900772
2038281361987891268
2038315309929517178
2038315314186699076
2038334331329081349
2038334336160890993
2038334340124598771
2038334344025317598
2038334347951178067
2038596939051372903
2038596943199584578
2038644016988696644
2038644020922999289
2038644026660774389
2038644031303852525
2038644035452113259
2038644041122791439
2038686859610472707
2038686868322037765
2038686871803269257
2038702227271930156
2038702235182322126
2038702242442723394
2038702246167281752
2038702249744970199
2038967315593839063
2039012583215116413
2039012587438850148
2039012593877020945
2039012599694573962
2039012607294627941
2039057619302633761
2039070601537552558
2039070654444568688
2039172119838208102
2039189874641654187
2039207170533720534
2039207173863907741
2039218271002439777
2039336673163538476
2039336676778967373
2039380114346324397
2039380119689863530
2039380123963859153
2039380128044851200
2039380131983368417
2039380136819352021
2039380141479272784
2039380146197815354
2039380153525309873
2039380158554247255
2039380162748539004
2039380167030948217
2039380171921530898
2039424491139244503
2039713079055786068
2039747221353037856
2039747226763706559
2039747230660239467
2039747234443485363
2039747238486815081
2039747242370740390
2039747245944271280
2039747250587324570
2039747254399979914
2039747258044817663
2039747265049350492
2039747268996157640
2039792377397715426
2039817866099499095
2040115661871972596
2040115666817085717
2040115672026349767
2040115677596385715
2040115682025537744
2040115686186287590
2040115689558548838
2040154846561767473
2040180329638506944
2040199382428184800
2040199387515961426
2040199392079265901
2040199396454011352
2040199400467947929
2040258182917058663
2040478257758208375
2040478262044794885
2040478266402775168
2040478272606073051
2040478276867539262
2040517367206121763
2040542915127284161
2040564874678526159
2040564879627850101
2040564885021741231
2040564890025578852
2040564894748299757
2040573039440433404
2040573043001422252
2040609553557905464
2040609556905025982
2040609560902148207
2040609564601516107
2040609568430928255
2040756962187448745
2040756966125871293
2040756969707856230
2040756972970971426
2040756976569786801
2040756981548408850
2040982979527283041
2041052073513426995
2041052077481226528
2041052081465770472
2041052085802680411
2041125177883492682
2041125184258883773
2041125188587372734
2041125193637388696
2041125198246862972
2041252481464738097
2041252485453508919
2041252489018650885
2041252492776755303
2041352058180120978
2041423154363736128
2041423159078138102
2041423163628913066
2041423167412211980
2041491773667873122
2041491778927469035
2041491783985811507
2041491788691816451
2041620379542941799
2041620386010558475
2041620390884339879
2041620395191931016
2041858166963486819
2041858170604130755
2041858174769123746
2041989107627213072
2041989111834182004
2042054323194970363
2042054326764331156
2042189574835703816
2042189578581205053
2042189582217678998
2042189586193899524
2042355141068595594
2042552430299353358
2042552435189912038
2042552439577153826
2042552443930841249
2042721392379203956
2042917909647794288
2042917913632374966
2042917917021381043
2042917920594972788
2043086561953165439
2043286768750075956
2043286772990587207
2043286777038004443
2043286781307871636
2043451784903962996
2043455925999006034
2043455930688303155
2043455935339798993
2043455939877999075
2043455944307142836
2043455948774142377
2043455953106866348
2043455957015962060
2043455961403126170
2043455965584896438
2043656915213828318
2043656918955172328
2043656922386080115
2043656925984718944
2043816165575930000
2043823563703034288
2043823567993745592
2043823572250976438
2044024791342911607
2044182619085058096
2044190529592672749
2044197183331938477
2044197189455655262
2044309360482877617
2044319107693363564
2044352695901868294
2044363159893586051
2044382940864315468
2044398689670545470
2044409599738962045
2044430134019522640
2044467625082646924
2044467629117640946
2044489830222967124
2044549514154151975
2044556322348122196
2044585413504110719
2044597200530108636
2044686466421497984
2044686743962894472
2044743304911446205
2044777277783949421
2044797371444519203
2044807349408317611
2044835246634610990
2044845415560888792
2044861609529495955
2044876867044594036
2045176408226279454
2045205896754585620
2045222699585221091
2045229004697788848
2045251110215065718
2045545040622010723
2045580895164538945
2045586190670217472
2045600873229742469
2045620737889775906
2045914715897892942
2045955317461033106
2045955321378562414
2045968932226384056
2045983399739859307
2046279449469984792
2046316404605931687
2046317757558329392
2046317762293739574
2046317766806831398
2046317771986784309
2046322920352342472
2046322924114571446
2046330497341505655
2046330500881461659
2046330504648011876
2046330508523589710
2046330512227119309
2046338868690235685
2046353582249869769
2046360466725736465
2046361159113097528
2046690499600232892
2046691474662670773
2046697731813503336
2046697735521218755
2046697740130800062
2046704121424605686
2046704128093548654
2046704133420232728
2046704138570915847
2046704142685495388
2046711857210102272
2046711862037749932
2046711865305174177
2046718207189479828
2046723127615353341
2046723691732455495
2046750543008219536
2046788987482722699
2046807052454904064
2046807056250753163
2046807060130529648
2046821982189027335
2046821985838080266
2046821991068426317
2046821994696515910
2046849131771985923
2046849509368430981
2046856945206763879
2046856949052866840
2046856952844542000
2046867709342724495
2046867713104994628
2046890399822663951
2046986290449781241
2046986295583576205
2046987024046211481
2046993473078010146
2046993478257893877
2046993483291140195
2047053864881279309
2047053868933034266
2047060240772768094
2047067603802132685
2047067607551856724
2047081853920911718
2047081858241008111
2047089699995418836
2047089703577440760
2047098067741229271
2047104651468640549
2047104655210021360
2047104659408425293
2047104662621339940
2047104665951551883
2047133883775295944
2047133888237949221
2047151060494508082
2047151063816380739
2047151069067665450
2047169802968482206
2047169806407786760
2047169809738002457
2047185231866679789
2047198795591790957
2047198800327152061
2047211347130134692
2047221257490354254
2047221261567221930
2047221265329500464
2047221269372817593
2047221272916984068
2047231271747899708
2047231276223242572
2047242695135924368
2047242699250491893
2047253231613481148
2047253235069599832
2047253238362108175
2047263857739960556
2047263861200290070
2047272441571901520
2047272446043001144
2047272449981448590
2047272454402326825
2047272458525253992
2047303345266651165
2047314600735941083
2047462310692671928
2047474557078950315
2047475294215225429
2047475297625297242
2047485946346762741
2047485952541827102
2047485957285572844
2047485962083770523
2047496727440081206
2047496731537907757
2047496747568476655
2047496754971484542
2047516024707137681
2047516028008055202
2047516031208284596
2047535369759949170
2047535373140590949
2047535376076575140
2047535379192926562
2047575219720568898
2047575223856210022
2047586206758670395
2047586210806120930
2047597697004150885
2047597700548366650
2047597703626960939
2047607237472915807
2047607241008722132
2047607244213117424
2047607247425929711
2047618775915155772
2047618779274732018
2047618782043004999
2047618784974852246
2047629006493643111
2047629834952564883
2047659975246274900
2047660406898827702
2047671744853664078
2047682685330436165
2049296057591542133
2049307041710420412
2049325593552994531
2049325598070173976
2049325602860068885
2049325607369019500
2049345071984615517
2049362661784387921
2049377222818218244
2049377227507380474
2049406659034812923
2049467909765017911
2049488748476584191
2049502463724785929
2049514784455069983
2049525953194275079
2049547568942616640
2049547573547995547
2049558464238625021
2049568674189582608
2049577881739669792
2049577885837451352
2049587225302540408
2049593054122611073
2049602016083669425
2049607656805953717
2049630912942637439
2049630919271825484
2049637369993945462
2049649905380266273
2049660868498014704
2049697748367093860
2049697752657842679
2049697757296722217
2049717072234508506
2049717078240731383
2049717081898192925
2049717085698142647
2049733746354462923
2049733749680566696
2049733752964698135
2049749506342760846
2049749510188859720
2049761664866681091
2049787128901419342
2049878306951213221
2050266199850930250
2050267815081570726
2050267820907450797
2050267825282154763
2050272054805430337
2050272063965790405
2050283503095562450
2050283507608613166
2050287841108725847
2050298099780751570
2050298108609691847
2050303959026250218
2050303963400970752
2050500468535939164
2050500473195839896
2050500477935366618
2050500481882145082
2050500486999183656
2050500491474616693
2050510012460491070
2050510015853744627
2050510021323022607
2050518020620157183
2050525198009467243
2050525203109662834
2050525206897193041
2050532808188182640
2050532811283607930
2050539269555474877
2050548528900911310
2050548533384667560
2050555169683784081
2050574020538490884
2050588711453065449
2050596845412381076
2050596848688042135
2050604858017759675
2050604862941925838
2050627478742286628
2050627483821551775
2050627488926081140
2050627494210887811
2050627501584519637
2050636797688897613
2050636803963519484
2050636811152580798
2050636816559001785
2050636820916961594
2050636825803252197
2050636830257586411
2050636835785765104
2050649766858465669
2050649771661046230
2050667561381925239
2050667567061073979
2050672084913910111
2050679671679840511
2050679676754940138
2050882850329592083
2050882856600117694
2050882860727292388
2050888833923707202
2050888841578324449
2050888846456267152
2050888853934764119
2050888858619830523
2050888863535521853
2050896080217268263
2050896086282178595
2050909141829370149
2050919482886172815
2050919488456135157
2050919495787766250
2050945668596773327
2050966954173985188
2050966960087896444
2050966965989302747
2050975299912036464
2050975305976922178
2050997437544731109
2050997443236430054
2051006735091933504
2051006740120867077
2051006745992991181
2051006750686392385
2051012879290434028
2051012886789775591
2051023533073973260
2051023538337792201
2051023543068967401
2051023548827791374
2051028649508237595
2051028655317348512
2051028663408173477
2051035449615962282
2051035457627066610
2051035464564367410
2051050238635389075
2051056662958514416
2051249432138547697
2051249438362935648
2051249443786182941
2051249449934975002
2051249456243179719
2051262792510980584
2051262797313355915
2051262805676785885
2051262809732796497
2051274906344566850
2051274911859999200
2051274916360499231
2051274920483569743
2051285291684491301
2051285296709320726
2051285302140948731
2051285309418057876
2051324908303696256
2051324916209967430
2051324924112011406
2051337560970911758
2051349699559358792
2051359589392605569
2051373749623005680
2051373754819686410
2051373760293323246
2051373764995137604
2051373769734697434
2051381019543277583
2051381025981493645
2051381031564173702
2051392465123656006
2051392470643315084
2051392476955717778
2051392482643259625
2051392488414584947
2051402855970451860
2051402861397893392
2051402867643220288
2051402873301266595
2051411338610782535
2051411346147934222
2051411353496371292
2051418120481604031
2051418126705910126
2051425075119731152
2051431710005276962
2051431716451971571
2051439843553787906
2051439850612785429
2051447532652302449
2051454006031970604
2051454011518153076
2051454017251794958
2051469090858876951
2051469099302027631
2051469107598393624
2051482367294886114
2051482373116625000
2051482379110248665
2051502618157932779
2051502624533327893
2051502633127489975
2051522243876823548
2051538203631305160
2051551902970626408
2051579083146801575
2051632924504822213
2051632930875900129
2051632938417369452
2051643319521021982
2051643325908980115
2051643331114074335
2051643338810699835
2051653023613833371
2051653030874083468
2051653039296221256
2051653045105402251
2051653050767753415
2051653056648159502
2051690495735201960
2051690500801937672
2051690504597672351
2051690508607471953
2051737172156600457
2051737180381528338
2051737186291380359
2051737191760757243
2051742756775588197
2051753659055382985
2051765369422184748
2051765378423074989
2051765385868054957
2051768588118229420
2051768594409644425
2051780388645937280
2051780398297059774
2051782760000536674
2051782768888271346
2051792207003476253
2051798697827078598
2051798703023784288
2051806934878285976
2051806941891219948
2051806949008916500
2051806954566320365
2051893134787743898
2051909625411498462
2051909631891628245
2051927267656298789
2051927273092104523
2051956006700118323
2051971434126389570
2051971440824762809
2051984747736289473
2051996015180349832
2052009734085947630
2052009740092178467
2052009746886959255
2052009751286804721
2052021501205864550
2052036973234131376
2052036981278818409
2052036984827187201
2052062201960182132
2052062207064547475
2052062211359571980
2052062215495123096
2052074884969476280
2052074891915264338
2052074899636977828
2052074904196194663
2052096985826832551
2052108408975704262
2052108415112036704
2052108419193069899
2052118791421649246
2052128183324131826
2052135659025092712
2052135665824043118
2052143071664513471
2052149303972417669
2052149310893048039
2052149316114845743
2052149320296591820
2052157977818218530
2052164461293670721
2052164465802482002
2052179905576948141
2052179913084710955
2052179917899718699
2052198313081078156
2052198319687135268
2052198324158243185
2052198329954754935
2052206948657881346
2052227718386004020
2052250216787558543
2052265918521319440
2052265924053578109
2052265930122731937
2052265935386603850
2052285375423635658
2052299504695566498
2052299509628072371
2052317089256407149
2052344068152152186
2052344073684394079
2052375868152979962
2052389029459484820
2052406316837069221
2052406323644354872
2052406329134735501
2052430333929304186
2052430338664673528
2052441407630062077
2052441412952576494
2052441416962294083
2052441420678504804
2052441424294027571
2052452380625486180
2052452387042845071
2052452391014851040
2052452395720778151
2052463926269612250
2052473737853976982
2052482626703794475
2052491128700858638
2052503987094540298
2052513639895027723
2052513644932383010
2052519236371697879
2052519242440884725
2052519250372284622
2052526804338876780
2052533355778896340
2052543443688178107
2052543448662626567
2052626066519257492
2052647131240914989
2052678779630129580
2052688775579373985
2052688780109210061
2052700987949720024
2052700992945230184
2052729983043272817
2052729987778609532
2052729991872331789
2052729996431548527
2052751673798586502
2052777708988363094
2052777716789756400
2052777721386635732
2052777725845242145
2052784449130262737
2052816536348627364
2052816544401588495
2052816551657849243
2052844049602912425
2052844057785970800
2052850904681087392
2052858981937229890
2052858987771519172
2052895802427904195
2052895808752926914
2052919588573114860
2052919594302472514
2052950505400279295
2052986032845443448
2053012534945300907
2053046080263139792
2053046089238847531
2053055285384941856
2053076104680788099
2053092402831687877
2053100823651971274
2053100828940988563
2053110505632411778
2053140552929907016
2053155814819741779
2053155822293966859
2053164124402491557
2053179855462662162
2053179859686314137
2053186307489223147
2053195852806517074
2053195857743269924
2053207843403121008
2053223826834461007
2053223832404607160
2053223836498239887
2053223840398880886
2053230512869691451
2053239038489063670
2053239046005256541
2053253860643459286
2053274061636288701
2053285203288699041
2053300028932768087
2053300033852752240
2053300037178773565
2053344426366243302
2053344432435437869
2053344436461957519
2053344439880270290
2053375074246205771
2053375080999100655
2053422314054664681
2053457718925467996
2053479140544942439
2053492322000892305
2053507858986143747
2053545738781753345
2053553353586626722
2053561418725617912
2053561424312431075
2053567301811601568
2053582757360456172
2053590398610587677
2053604279642906883
2053610405600391558
2053610412248355127
2053616736201752642
2053623683906715976
2053623690441392546
2053623695264854255
2053664555490787750
2053664562436550894
2053729200071155885
2053750908756918756
2053770466817417720
2053790284916686955
2053790291229053299
2053806518739554732
2053824170740380002
2053824175903477936
2053824180827619713
2053860122368123358
2053874340156862654
2053874344757965186
2053874348633587891
2053889842636079345
2053889848520720540
2053902367591112817
2053902373941301582
2053902378177622465
2053914847847362733
2053914854616957161
2053956007072878749
2053956015700443536
2053956020620439611
2053962755799986590
2053975923775742335
2053975930234962078
2053982929626284402
2053991326618640857
2054020341337407869
2054037711993094219
2054037719148622031
2054056846676160898
2054112083286065250
2054145258917646826
2054145263942430993
2054169128802390430
2054181288353959957
2054192543076901051
2054208695563628884
2054208702513627249
2054208707831931208
2054250731742593334
2054250738294174191
2054278965028679960
2054278970170909089
2054278973748572515
2054286346760470996
2054286352473084323
2054286356235288613
2054318763550322905
2054318769015488643
2054326687123259888
2054371194170691895
2054383226542506189
2054404711718264843
2054424523089310054
2054478293039042644
2054526328087454100
2054526333242188176
2054537292895670729
2054549970603102327
2054582019078639942
2054597534501458192
2054597544463015940
2054612210534453276
2054612216565870710
2054625459393204310
2054634766784426446
2054645129634357299
2054658276936294461
2054667616615096546
2054678267257385471
2054678272047272022
2054687250844438690
2054701783646183779
2054701789966983189
2054701795046264955
2054708535523467719
2054733103285834058
2054733108390289647
2054733111854776752
2054745439329493202
2054745444782146027
2054745448770838842
2054786694105448660
2054786700539466092
2054806964215992371
2054806970406670473
2054885939554422913
2054897482450997683
2054909892503208293
2054909900275208600
2054919633401262228
2054935170029879578
2054949236454912272
2054949243161645200
2054996309271281926
2054996315847938049
2055018657466466627
2055038019443322932
2055045061402845538
2055058509281034358
2055066432409375216
2055085882852708659
2055085889530024034
2055097583131885734
2055111917090341011
2055133751102062851
2055133756256825796
2055133760803463596
2055133765358481879
2055157425011933371
2055157430653239512
2055177741918405044
2055196561458516150
2055196567334711797
2055196571860414739
2055255970029191675
2055255975976743163
2055292254667841617
2055292259369673184
2055361943947395471
2055361949093749011
2055382072575787128
2055382077525065879
2055403288598565145
2055410560381206662
2055410568283214289
2055417200799097287
2055417207744836074
2055426004072415672
2055439611510292987
2055456565105217764
2055469855227117708
2055488228400959493
2055488234151411716
2055506442405204349
2055538210302767580
2055538215629570377
2055552446144110914
2055564341361988056
2055576493586051503
2055587547011514741
2055587551545585786
2055597290870444444
2055627129371725988
2055643298472079491
2055653925663986011
2055674890145976572
2055690177238966419
2055698465045479744
2055698471496384518
2055705270496489804
2055705276460794324
2055705280592146873
2055720255977304491
2055728429677391952
2055728436346228821
2055728440435691630
2055736091433476200
2055743190523576523
2055743196173328883
2055751200033665507
2055757875947958772
2055757880981164174
2055757884227568127
2055764810449530956
2055764815612661960
2055772316500668588
2055772322368491973
2055772329188491720
2055772333743517952
2055779448549728713
2055779454950199359
2055795083740361081
2055802859719897347
2055802865663254931
2055802871996715338
2055802876761358579
2055802881467453702
2055802887628874169
2055821076186202450
2055821082062450788
2055821086256771283
2055821090182582778
2055839345207026117
2055858362726653971
2055858367550140856
2055858371564122459
2055882029154136473
2055882035038765147
2055882039606354356
2055882044102590888
2055882049064505577
2055916879709966647
2055916884491481407
2055931239031255116
2055943162904858726
2055943167833153569
2055943171276705973
2055953510663967070
2055953515298664789
2055963983841317277
2055963991198068810
2055970558706102577
2055992112311566445
2056000041748213828
2056030003410722830
2056030009102315827
2056044876169363627
2056044881999528242
2056053651316322628
2056053657494507761
2056059918818373969
2056059924803629087
2056067398210609416
2056074781749899439
2056074786480984264
2056090998007341262
2056091007863980286
2056099396660437060
2056099401643266078
2056099405309034498
2056099408974856323
2056099412699451861
2056106450448199984
2056111491963576547
2056119711780274657
2056119716477816930
2056134851611525581
2056141806111432796
2056141812725915705
2056141817738096649
2056150170018971995
2056158470055886984
2056158476590588039
2056158481439216050
2056165283279069282
2056165290212208841
2056183299496616130
2056183304341147739
2056183308090830968
2056183311676866829
2056198937527099778
2056198942774194584
2056220747853595018
2056220755906691207
2056220761598345248
2056220767608783151
2056245311731909109
2056245316991562095
2056245321793986602
2056245325854106001
2056290775818719470
2056376981374083362
2056376987850002662
2056376992191127581
2056376996419014856
2056396666094190694
2056396671022510490
2056396675409658182
2056440998805356989
2056452565081178538
2056464283538481385
2056464289037209838
2056464292757610843
2056474027540054044
2056492570436403372
2056492576698491165
2056492580825629021
2056492584487239909
2056498230330802406
2056498236383236370
2056498240845926431
2056504843246735600
2056504849064136925
2056504852914557064
2056520782470070528
2056528614787809436
2056528621679034757
2056528626045342051
2056547073978454092
2056547082660671889
2056561369189593394
2056561375443394775
2056561379994227126
2056583202446234038
2056628628738527505
2056628635071852954
2056669171329753124
2056669177944113493
2056689133796368737
2056689139223830918
2056689143594267071
2056704632387191210
2056704637550449068
2056704641061077109
2056723899526635673
2056723904442282042
2056723908611449256
2056740302992343421
2056758952000397554
2056776512037171529
2056803887428833560
2056803893615505758
2056816737266671900
2056816744363442264
2056839377104380112
2056839383718699420
2056846882194784711
2056855533668192375
2056855542153330718
2056865304030937452
2056872477108670602
2056872483622354953
2056872487892255141
2056900944567111955
2056913649168425087
2056925429710086381
2056947037648597107
2057012548319293917
2057032521724944621
2057048148900761911
2057048154953101683
2057066156562018476
2057079754805620992
2057079760761528477
2057094796779429975
2057094802886320345
2057110493832036428
2057110499028787576
2057222084082679996
2057222088780292519
2057232018178728340
2057232025745289346
2057239435662746049
2057247809829560332
2057247814665568529
2057272018546880858
2057272022753771944
2057272026365129040
2057272030748148060
2057285891400303075
2057308464955695192
2057308471154835922
2057330691482788121
2057330697744871848
2057330701683265657
2057351846944280701
2057372801967833366
2057372807474917584
2057372811241406848
2057393453206548653
2057393458348794002
2057430010311352490
2057447009116688776
2057483868664414567
2057483873445990563
2057499877333172344
2057499885168132493
2057499893720387974
2057513958278615149
2057513966344233125
2057525354839830982
2057525360154042742
2057537036257575042
2057537043786268797
2057558804636520579
2057568766238613536
2057579761669443836
2057603319141380165
2057619647118164279
2057635741258100773
2057648556173901885
2057670171804778513
2057670178054230028
2057670182680637791
2057670187072024741
2057670191668957562
2057670197935239528
2057691616043733360
2057691621957787716
2057712204481478666
2057770658944471219
2057770665277894712
2057770670491332731
2057770675813994498
2057786574256173355
2057786581269065911
2057786589154279737
2057786594741072077
2057786600281845815
2057829372900294773
2057829377551847675
2057829381578334641
2057848347113754945
2057848352314630395
2057863754453278905
2057863759897444544
2057877055270969500
2057877063743524989
2057887281470439837
2057887287233380673
2057898796181570033
2057908008298942740
2057920688590319916
2057920695737414115
2057943058029879489
2057957474469290082
2057957480383365394
2057966333938057562
2057966339604550070
2057966344411254791
2057966347988897802
2057973229138985124
2057973235489128760
2057982010204037249
2057982017112039753
2057995583772672301
2058010962440126532
2058032098263384526
2058051639223738605
2058051645871657257
2058068090852716842
2058068095743254583
2058130211128922526
2058148807381303698
2058188918214865188
2058188924598604198
2058205505235882386
2058234214441459913
2058272713446162929
2058279672660590793
2058285102141227473
2058300957444767810
2058308874587783648
2058316125377835244
2058316131065299073
2058316135972680065
2058316141496603093
2058323736944693728
2058331405470359712
2058331410369225089
2058331414320279742
2058339562724655349
2058339569653694863
2058358139204796534
2058395116763586575
2058395122543255832
2058417153167028613
2058417160041427293
2058417165187821826
2058451738647019922
2058467931671977996
2058480765986308388
2058480770386206853
2058480774404358270
2058480778221113541
2058517736322445823
2058523760664125582
2058523767609987376
2058560364045062367
2058575100715442652
2058581847047540939
2058603476909768732
2058611282710810992
2058619034841837723
2058626998499725456
2058635946317242606
2058635952256323848
2058643050176413699
2058643056132334031
2058643060414665200
2058656971473985841
2058656978415559012
2058663876204396763
2058671542528070064
2058678749730636277
2058721173261742175
2058721178080919628
2058735841208356888
2058735847625667028
2058735851606040769
2058735855426998327
2058757459699745101
2058757465898910135
2058757470231593384
2058779939118239834
2058779944134521138
2058805078044164545
2058805082729111860
2058828748640956483
2058828756194857200
2058828761681043684
2058849440258036030
2058871573654761946
2058908899642589230
2058927375522681201
2058927384158708155
2058927389040853405
2058942972964606115
2058942978232570122
2058956491197968644
2058966160692150312
2058966166887170066
2058966171333062869
2058966175800045767
2058966180334043569
2058966185065288016
2058966189691555983
2058966194431094895
2058976476796489905
2058976482525925651
2058976486715949299
2058987825068912860
2058987830391476573
2059000263264927974
2059000267798966286
2059024440743112866
2059024448393445518
2059024455888716151
2059024463719502215
2059030433774379348
2059030438786564196
2059030442733429108
2059037656244187480
2059037662485385233
2059060133192142949
2059069320521507141
2059069326011822163
2059069330340327507
2059069334010409274
2059099011139707367
2059099016852292061
2059099021109559719
2059099025752621184
2059099031339466798
2059119620942905684
2059119627230163433
2059141343327203618
2059141350629482565
2059141354169496057
2059141358405788022
2059161804622692685
2059161810440200584
2059161814173147568
2059161819231515094
2059161823102828823
2059184018227441733
2059184024502100127
2059205637314076964
2059205644469538938
2059265181973164489
2059265187778109750
2059265191766863987
2059265195290009735
2059279499615981759
2059279506859565493
2059279512576340247
2059279517441814768
2059300968248856670
2059300978147361270
2059322371748602317
2059322378191065186
2059322382796329179
2059335782196769014
2059335786567225784
2059335790203744602
2059351682803188062
2059351689308594275
2059384496990880078
2059384502057680954
2059384506147016932
2059384510022635691
2059384514011414876
2059395416437690781
2059405585129349219
2059405590871335054
2059412648601501948
2059427881605116204
2059482476549169626
2059504487279034563
2059504493406900381
2059526973643260313
2059526979095822808
2059548602821652812
2059608548573606108
2059630215060508839
2059630220710162749
2059648298592420235
2059648303852048558
2059648308017016999
2059669880589148638
2059669885936877911
2059702126776025121
2059731506118213758
2059731514523578763
2059731522362712379
2059744512562303054
2059755970448773440
2059755975041597872
2059764923329040678
2059775018851012689
2059775024991543625
2059782440621674668
2059782449488351584
2059805899183800668
2059805906226024576
2059834710407414219
2059834718280110447
2059859214332232076
2059859219189215540
2059881572405321991
2059881578449301580
2059881582404448704
2059903660138635672
2059946490613653741
2059966776935620961
2059966782874804416
2059985472990937470
2059985479395647899
2060026422178259424
2060026428645835087
2060026434203295957
2060026439186215101
2060026444777230606
2060047556160393463
2060065194072576363
2060065201324474495
2060080501948596260
2060080510546882695
2060094263531110840
2060094268518133817
2060108527096725697
2060108534625501259
2060119076715053521
2060128276027253205
2060136849041957178
2060136855102754933
2060146358485746138
2060171211791905173
2060185136713384094
2060185142631465026
2060206744253465070
2060206750662336574
2060229069086806335
2060250632490004986
2060272078142447705
2060293631588929911
2060312992114155721
2060312997516521826
2060332293408059901
2060354263637786677
2060354269274951835
2060354273263657432
2060354277403513218
2060368126395453730
2060368131743203632
2060368135572652449
2060381818810253548
2060381825663652341
2060381830684225552
2060381835256082563
2060409070436110752
2060409076115288212
2060409080993198383
2060409085611127226
2060426715776565537
2060443166071730555
2060470900424917243
2060481124053508202
2060497356743675917
2060497363127439807
2060532051670102059
2060532058498449590
2060542998157431222
2060564747913732513
2060564753387344018
2060564757304779078
2060689811296395608
2060689816874840543
2060699238196301846
2060727984462721312
2060727991223927249
2060727997284700250
2060736121919918466
2060751822411682025
2060765890719740319
2060775542056538324
2060775547299385722
2060797532599705647
2060807226458005908
2060807232506192249
2060807236939628573
2060807240978776545
2060813784390734269
2060813790380236943
2060826158313156681
2060835411203891644
2060841770049564794
2060841776559051194
2060841781076398333
2060871556406902894
2060898074160189714
2060912178874458276
2060932261017452886
2060957249141711070
2061017498812571726
2061017504714014761
2061017508329496793
2061017513844936833
2061050273938714690
2061058417066938609
2061068183700656149
2061068189971177743
2061068194027057361
2061078825002287609
2061091650282123622
2061101645745070293
2061101653236060340
2061112173783404567
2061112182788493462
2061112188517961832
2061119322290843755
2061140845412389249
2061157123069805047
2061157129843568816
2061157134654390444
2061163724195459090
2061173032857853961
2061173039229001771
2061179452692836679
2061196615977701725
2061201300927156611
2061201309076746570
2061208702892347786
2061208708730753044
2061215847633518815
2061224223880695884
2061231531155165382
2061260239836508477
2061260247105204487
2061260251853148499
2061294166261239924
2061409040710947105
2061409048642429267
2061409055273628136
2061473550242869337
2061473555569651972
2061473561781379553
2061473567653380582
2061505509190943136
2061505514723271063
2061532004395741518
2061532011811295688
2061532017834262597
2061552615209816542
2061552622201618728
2061552627662590463
2061552632796484066
2061552638156853719
2061571796139397332
2061586849240367499
2061586854453891502
2061600941367783818
2061600947306934763
2061621433344643395
2061621440214884663
2061657880529363441
2061657886699233605
2061657891551969726
2061657896807452729
2061657900863390209
2061682008619663820
2061732689967800664
2061732695231578335
2061761156390228036
2061761162287440197
2061784695600455823
2061784702839931071
2061828518627954835
2061856174442434586
2061856180192825760
2061856185297318132
2061878996401348839
2061943869093101703
2061943878471618617
2061953082800607582
2061953089213800913
2061986397142065620
2061986402414301239
2061986407380341114
2061999184597647437
2062021732215447726
2062021737768775924
2062021743498133721
2062048544614142200
2062048550809141373
2062074685882613988
2062074693495279917
2062074700705243452
2062074705646158016
2062074711488811292
2062101024710775172
2062101036786229346
2062101045447360776
2062129389903425859
2062129395955847184
2062129400238293058
2062129404885549499
2062152127804317751
2062152134255165949
2062152139443454354
2062152144275284280
2062152149463662967
2062180055267111345
2062180064033198458
2062233099065246074
2062233106925404515
2062233112663273900
2062253788631613648
2062253795896148158
2062253800006599018
2062253804683239893
2062253809070465137
2062271657436221722
2062271665300558173
2062288448426565825
2062288460824850528
2062327287987441871
2062349590980870284
2062349598492905953
2062349605811994693
2062349611742716148
2062349616075468971
2062349621297295604
2062349627647566020
2062365881464750308
2062365886984417480
2062365891396772217
2062388044133544027
2062388050290720967
2062414700822884814
2062414707005239440
2062440526100513077
2062440533344055614
2062463187413311912
2062483171464122451
2062500016665612663
2062500022978044084
2062517517604487634
2062553672249454664
2062553679178375583
2062590324015317126
2062602171645083678
2062602179165462735
2062617484398604500
2062617490434199733
2062617494150398017
2062642198013706480
2062642203822882902
2062650908668838176
2062650915488743726
2062650920324796893
2062650925139808736
2062660760338055556
2062660765442551982
2062660770299592744
2062660773990613289
2062660778893652276
2062660782962209086
2062668617263530062
2062668623626297499
2062685233820946496
2062694654500311084
2062711954691739960
2062711962170179645
2062711968323248233
2062727031637377094
2062773827105411497
2062814036366856470
2062814043635617875
2062834926475747485
2062869945839473116
2062869952252518456
2062892579239178379
2062905185022730535
2062923571803173248
2062923578304283080
2062923589079408795
2062923601742078139
2062923606980800929
2062923612768915787
2062938989754032374
2062952710387691673
2062952716343677120
2062952721229959178
2062952725562732626
2062952730260369431
2062952734513373505
2062961037523955800
2062974764793339977
2062974771311280219
2062982376502734969
2062982383289118945
2062996122839535879
2062996132121502140
2063005627983540545
2063005634581205111
2063018113822491053
2063029838341153080
2063051328352657534
2063051335164187022
2063068962720473249
2063068969225904541
2063068974657536268
2063083844685922691
2063083851916996931
2063106014279266465
2063106019966783979
2063126212114079823
2063126218434859197
2063126223757451568
2063126231105814717
2063146961218531813
2063146969619722658
2063162801523159495
2063162807286194313
2063179469481771012
2063179475500593436
2063193700969115854
2063193707893981594
2063207118333702649
2063215940108431374
2063241702152777734
2063253530824044997
2063253536889008192
2063275189391999349
2063275195926737071
2063284185318477981
2063292649071657009
2063300237771321360
2063300242905116688
2063300248370384921
2063308052380405985
2063308058726400445
2063322681336803570
2063322688026722405
2063322692841767005
2063331855038890058
2063340023538466909
2063340030521909592
2063348739071148149
2063348744955867371
2063358187924008991
2063364937133531139
2063364944209265133
2063372783367635275
2063372789503947144
2063379536566210614
2063379541888794883
2063387621510746615
2063394502765576612
2063420009523626370
2063420015785746709
2063435430561767768
2063435436865790054
2063453488755982562
2063453494539923914
2063453498444783625
2063453503201095996
2063475415621198208
2063475422747402425
2063475428648735016
2063522859184451818
2063541893926187496
2063541901555609982
2063560985420484910
2063560990747238410
2063560994631110777
2063574636260933821
2063574641650671933
2063574645521936546
2063595784097169629
2063595791055520030
2063595797053309144
2063618174306722021
2063618180694634695
2063618184821788822
2063630268741931499
2063630276446826971
2063630281928843328
2063630287314329630
2063640863184404660
2063651697877291041
2063651706769223719
2063651713622642964
2063658063219867900
2063658069389713855
2063658074410299773
2063658079640559668
2063658087341257047
2063658094685491283
2063658100511412470
2063658106064613485
2063683075838738738
2063690291769475487
2063697721517608995
2063697726945038799
2063697730925457858
2063697734922576200
2063697739288850897
2063707600344993912
2063707605789270291
2063714284832428084
2063723814026969299
2063723820138025014
2063731720860373061
2063740473588552156
2063740480022556957
2063746181113553327
2063746187870507431
2063746193100832867
2063754591439585754
2063754598213374084
2063754603389178171
2063777166790119614
2063777172628689388
2063777178383200390
2063777183043035335
2063795871310020773
2063795881292583224
2063809822630494644
2063809830905844069
2063809835758653552
2063832220570177894
2063832225917858217
2063832230791725388
2063832234738462796
2063856109715136733
2063856115566211492
2063882384777338956
2063882392394252473
2063934039526867243
2063934045336011097
2063934050012741644
2063934054693543950
2063960660543676885
2063960667296539117
2064005205600145801
2064026583636336775
2064026590099759462
2064026595480990043
2064026600405189055
2064042463547834502
2064042470199939449
2064042475811963162
2064055991730049105
2064055997631451200
2064056001691537655
2064056007827898774
2064070220247908591
2064070227160080851
2064086707125833794
2064086714541277564
2064086720606331169
2064086725866012999
2064098450799493446
2064098456835141795
2064108887851086262
2064108894100525208
2064108898785571095
2064108903596490946
2064129027359547561
2064134869290996031
2064134875100205254
2064143932116865146
2064158460023914908
2064158465715536056
2064158470467645774
2064194267124265336
2064194273663197639
2064216298595418322
2064216304761156055
2064216311300038750
2064216316714852743
2064236762398908738
2064236770544296439
2064236774629515661
2064236779444506634
2064236784934850814
2064280132387246377
2064280138846490955
2064298060910587929
2064298070507147749
2064298076685443397
2064298081483637159
2064315413790380098
2064315422208414071
2064330095364276713
2064346895221502082
2064346901286445344
2064346907393359886
2064346915555418184
2064360967761502279
2064360976196190546
2064360984467411434
2064360992793104663
2064376780551499914
2064376786058637584
2064376790500380874
2064376794761851048
2064393014605193595
2064404487628874083
2064404494226428099
2064416736938434882
2064416743259283724
2064416747415916842
2064429036911362486
2064429045807554951
2064429050316390687
2064443640932659318
2064443647396024474
2064454316669198659
2064454324416086274
2064454329872900157
2064464484840755615
2064473275736949166
2064473281537687838
2064473286428299743
2064473289880228100
2064483235136929803
2064483241608741043
2064483246625190092
2064499733079486941
2064499739517755406
2064514974962073717
2064514979001205092
2064514983233274261
2064514988169912323
2064514992037101921
2064526997443801594
2064527003630403674
2064546536537604461
2064572611489640835
2064572617906925935
2064572622042431638
2064598977043955804
2064598982874071402
2064598987718439354
2064598992508322029
2064620622932762854
2064620630025400483
2064643212623405557
2064643219070075172
2064683035392360868
2064706644399845547
2064706652389945687
2064706657536385503
2064724780859719753
2064762940490928486
2064762948330066278
2064794358273204697
2064794365906841846
2064794371036508666
2064807898857771137
2064807906092945791
2064822739135770957
2064822748564656146
2064822754818326603
2064822760879063517
2064822766386225489
2064836134702571882
2064836139949646299
2064846390694396268
2064846398260986294
2064846403948417186
2064855700229251454
2064863450023535010
2064863458093302161
2064884457740652641
2064884464480825398
2064920134301462704
2064942652743696479
2064970854417543309
2065022016248299999
2065022021126295860
2065022025517662685
2065022029485511129
2065047136278905131
2065091036322361395
2065091041640812690
2065112981483266139
2065129377919299658
2065160109743853603
2065160115745882186
2065173823415107863
2065173829534556300
2065189364326359073
2065189371335122995
2065199673636249697
2065199679466332369
2065199684365205565
2065209470653780458
2065209480967537111
2065209488060080137
2065217645977207033
2065227023891484891
2065227029855744487
2065227033802588623
2065227037921378358
2065260344709468574
2065260351525134688
2065260356684194276
2065260362560336308
2065281650116726862
2065305863649190139
2065305870095839377
2065305875565232213
2065330998695408094
2065331004294807822
2065331007939633578
2065357373519048885
2065357379298890032
2065357384466215179
2065379960907522450
2065379967853334785
2065398775116427409
2065398780984230152
2065398784910049563
2065416714687565940
2065416721285206432
2065416733637394739
2065434135959638215
2065452242363146497
2065470650035179633
2065470658566345138
2065511275312873595
2065511282086674729
2065536130376695921
2065536138719240453
2065536143777501486
2065546838153797784
2065546843895844951
2065546848090112376
2065557730459533344
2065557737417916423
2065557742505644258
2065568321911857588
2065579814736560510
2065588071433707621
2065588076928204800
2065609850428559595
2065609857881845988
2065609863464464736
2065609868480766306
2065622168897982607
2065622174547759313
2065622179354456494
2065645054925095294
2065667019790295316
2065667026211787086
2065667030527652130
2065708712145080832
2065708717874495570
2065743106486759843
2065766863653708115
2065766872298229904
2065766878187016331
2065776812706476143
2065776819845083590
2065787203330925027
2065787210410963047
2065787215876120900
2065822150573838448
2065822156722737429
2065822160598237454
2065822166344479195
2065831077789532668
2065840417736921274
2065848407852270020
2065848413501948320
2065848417272705088
2065858090034249736
2065858097269363165
2065865922825363552
2065872954605404198
2065872962150928789
2065881770138996845
2065881775977398417
2065890254704333197
2065899674876395809
2065899681234968929
2065899686192697648
2065914973122154783
2065914980655153625
2065920912470520154
2065928488507539903
2065928496350912758
2065943935021977801
2065971572179947729
2065971577762517423
2065971581759762528
2065971586188882025
2066006895580561669
2066030530114527702
2066030536544379272
2066030541418254674
2066030546459746345
2066055837030686931
2066055842076492020
2066099907048411284
2066115966681928134
2066115971484373403
2066115975817101687
2066115981819236395
2066139901268054370
2066139907177746462
2066139911330087412
2066139915255980278
2066150974989770864
2066150981599953206
2066188670353154455
2066188675969392827
2066198871727079424
2066228028934680953
2066228035662307720
2066228054721261843
2066235783506202800
2066235789596352893
2066235795229282653
2066235800014950454
2066244382366245099
2066244391174385724
2066244394848563538
2066244398682186036
2066252906328703346
2066252913039532432
2066252917640765718
2066252921600131436
2066252925794468094
2066269281893904785
2066269287736598711
2066269291670827141
2066269295257010547
2066277940854444405
2066291101615473067
2066291107240022479
2066298883786056065
2066298890752835629
2066298895144190052
2066313984593002574
2066313990376980747
2066333895533228196
2066333903783371171
2066333909215060235
2066333915670061365
2066349022135128213
2066349027596054952
2066349031328973177
2066349036093726875
2066369493249528111
2066369499293454763
2066398861841625495
2066398867201851816
2066398871199101064
2066427059694383612
2066493636770988264
2066531176807088371
2066531183933178220
2066531189041860759
2066531198403547385
2066531204317454754
2066531210856415586
2066557904585380236
2066557913116586293
2066557918770504061
2066557925397504394
2066557932271980617
2066557937074442322
2066557941172371648
2066584197217615985
2066607994129764446
2066638847002505570
2066638855168762109
2066638861976178689
2066638868099792961
2066651781111718320
2066662057861148972
2066662065104638455
2066662070267814160
2066672648822624441
2066672655474839700
2066672660025582053
2066683798558048386
2066683806095151458
2066683811904323992
2066699422356959328
2066737127480561982
2066766697512473022
2066766704806392182
2066766709503967543
2066766714126147884
2066766718278509033
2066766723739517167
2066800717206024681
2066800724848079287
2066800728987799757
2066829343112810596
2066829349647503410
2066829353887932804
2066857295124771249
2066857302032822667
2066857307489616113
2066916732690890895
2066941820467073056
2066962554300100988
2066962561136779442
